2745.64
2622.19
5367.83
5244.38
7990.02
7866.57
10612.21
10488.76
13234.4
13110.95
15856.59
15733.14
18478.78
18355.33
21100.97
20977.52
23723.16
23599.71
26345.35
26221.9
28967.54
28844.09
31589.73
31466.28
34211.92
34088.47
36834.11
36710.66
39456.3
39332.85
42078.49
41955.04
44700.68
44577.23
47322.87
47199.42
49945.06
49821.61
52567.25
52443.8
55189.44
55065.99
57811.63
57688.18
60433.82
60310.37
63056.01
62932.56
65678.2
65554.75
68300.39
68176.94
70922.58
73668.22
73544.77
76290.41
76166.96
78912.6
78789.15
81534.79
81411.34
84156.98
84033.53
86779.17
86655.72
89401.36
89277.91
92023.55
91900.1
94645.74
94522.29
97267.93
97144.48
99890.12
99766.67
